Min: 0.9378990128662945
Max: 1.082211557160603
Mean: 1.009190547784648
Variance: 0.000546962719811841
