Min: 0.9676559143505548
Max: 1.1629178450279656
Mean: 1.0366013343063987
Variance: 0.0012553043850163966
