Min: 0.5492858850139998
Max: 0.7128033663885416
Mean: 0.6176846611267021
Variance: 0.0016497789112874838
