Min: 0.4804258099553975
Max: 0.6299610759066685
Mean: 0.5426696750108805
Variance: 0.0011651345782088011
