Min: 0.328417440255483
Max: 1.6622242212295533
Mean: 0.6910134428542011
Variance: 0.059515773103635414
