Min: 0.2142072060140146
Max: 3.5062010169029234
Mean: 0.933618005994366
Variance: 0.30460340354303245
