RMSE:1.0590380040886749
MAE:1.0284102438017726
MAPE:0.9624216631116037
RMSE_0:1.0839710606546071
MAE_0:1.0443313779612153
MAPE_0:0.9546839063928478
RMSE_1:1.0315214739381091
MAE_1:1.0095471732572399
MAPE_1:0.9648384338515047
RMSE_2:0.9686665176689988
MAE_2:0.9677032247280418
MAPE_2:0.9677032150510096
RMSE_3:1.0791819790920143
MAE_3:1.046157899905962
MAPE_3:0.973183307087607
RMSE_mask_1:1.0395355861892626
MAE_mask_1:1.0143529895300114
MAPE_mask_1:0.9622454411045832
RMSE_mask_2:1.266753192667305
MAE_mask_2:1.1943409706958954
MAPE_mask_2:0.9645017738611406
RMSE_mask_3:nan
MAE_mask_3:nan
MAPE_mask_3:nan
RMSE_mask_4:nan
MAE_mask_4:nan
MAPE_mask_4:nan
epochLoss:1.1193108725260361
