RMSE:1.04556814667328
MAE:1.0297022696659663
MAPE:0.9984206817468299
RMSE_0:1.0433879254143426
MAE_0:1.0285445248074312
MAPE_0:1.0003578053505984
RMSE_1:1.0352785314392643
MAE_1:1.023872731852212
MAPE_1:1.0003622339942262
RMSE_2:1.0054884250001177
MAE_2:1.0047698780500258
MAPE_2:1.0047698680023271
RMSE_3:1.0773755023797658
MAE_3:1.0488881316953613
MAPE_3:0.989492519535552
RMSE_mask_1:1.04556814667328
MAE_mask_1:1.0297022696659663
MAPE_mask_1:0.9984206817468299
RMSE_mask_2:nan
MAE_mask_2:nan
MAPE_mask_2:nan
RMSE_mask_3:nan
MAE_mask_3:nan
MAPE_mask_3:nan
RMSE_mask_4:nan
MAE_mask_4:nan
MAPE_mask_4:nan
epochLoss:1.0833025916876307
