RMSE:1.0094724128333845
MAE:0.9970804834510795
MAPE:0.9748100247456332
RMSE_0:1.0037341611896464
MAE_0:0.9934636204399996
MAPE_0:0.9753495284343023
RMSE_1:1.0182360612426238
MAE_1:1.0043764078917985
MAPE_1:0.979104720815017
RMSE_2:0.9632795436619718
MAE_2:0.9625475171666878
MAPE_2:0.9625475075412129
RMSE_3:1.0297315986064093
MAE_3:1.0104026357143152
MAPE_3:0.9734317424405725
RMSE_mask_1:1.0094724128333845
MAE_mask_1:0.9970804834510795
MAPE_mask_1:0.9748100247456332
RMSE_mask_2:nan
MAE_mask_2:nan
MAPE_mask_2:nan
RMSE_mask_3:nan
MAE_mask_3:nan
MAPE_mask_3:nan
RMSE_mask_4:nan
MAE_mask_4:nan
MAPE_mask_4:nan
epochLoss:1.0120200606806204
