RMSE:1.0003792907239328
MAE:0.9992189675847638
MAPE:0.9992189575925744
RMSE_0:1.0024472421154538
MAE_0:1.0012704800434509
MAPE_0:1.0012704700307462
RMSE_1:0.9830319345671586
MAE_1:0.9823642592369155
MAPE_1:0.982364249413273
RMSE_2:0.996634290915692
MAE_2:0.9954065827187151
MAPE_2:0.9954065727646493
RMSE_3:1.00969636798812
MAE_3:1.008415194073071
MAPE_3:1.0084151839889193
RMSE_mask_1:1.0003792907239328
MAE_mask_1:0.9992189675847638
MAPE_mask_1:0.9992189575925744
RMSE_mask_2:nan
MAE_mask_2:nan
MAPE_mask_2:nan
RMSE_mask_3:nan
MAE_mask_3:nan
MAPE_mask_3:nan
RMSE_mask_4:nan
MAE_mask_4:nan
MAPE_mask_4:nan
epochLoss:1.0003527755135464
