RMSE:1.0321394438931935
MAE:1.0206075628313802
MAPE:0.9963305479590804
RMSE_0:1.0597143752371885
MAE_0:1.0403570999421745
MAPE_0:0.9973445704017062
RMSE_1:0.9854231320146388
MAE_1:0.9853443347628376
MAPE_1:0.9853443249093944
RMSE_2:0.9951441390620882
MAE_2:0.9949950666632503
MAPE_2:0.9949950567132998
RMSE_3:1.012123474474615
MAE_3:1.0117340496614238
MAPE_3:1.0117340395440833
RMSE_mask_1:1.0321394438931935
MAE_mask_1:1.0206075628313802
MAPE_mask_1:0.9963305479590804
RMSE_mask_2:nan
MAE_mask_2:nan
MAPE_mask_2:nan
RMSE_mask_3:nan
MAE_mask_3:nan
MAPE_mask_3:nan
RMSE_mask_4:nan
MAE_mask_4:nan
MAPE_mask_4:nan
epochLoss:1.0647823620999515
