RMSE:1.0218423226091633
MAE:1.0061026628543106
MAPE:0.97437972886381
RMSE_0:1.035802192408455
MAE_0:1.016968767140426
MAPE_0:0.9781213287932323
RMSE_1:1.0150575676918683
MAE_1:0.99962434570158
MAPE_1:0.9685818019011903
RMSE_2:0.9869981375489014
MAE_2:0.9864410401011506
MAPE_2:0.9864410302367406
RMSE_3:1.0067361312006313
MAE_3:0.9930559286898742
MAPE_3:0.9660166292821663
RMSE_mask_1:1.0218423226091633
MAE_mask_1:1.0061026628543106
MAPE_mask_1:0.97437972886381
RMSE_mask_2:nan
MAE_mask_2:nan
MAPE_mask_2:nan
RMSE_mask_3:nan
MAE_mask_3:nan
MAPE_mask_3:nan
RMSE_mask_4:nan
MAE_mask_4:nan
MAPE_mask_4:nan
epochLoss:1.0512480603092018
