RMSE:1.0426352675882375
MAE:1.0189633565577252
MAPE:0.9766230686534911
RMSE_0:1.0829840059211524
MAE_0:1.0423225758316799
MAPE_0:0.9749531617780458
RMSE_1:1.0516262944742694
MAE_1:1.0288155731165185
MAPE_1:0.9791820266574596
RMSE_2:0.9760299559309774
MAE_2:0.9759834621553168
MAPE_2:0.9759834523954822
RMSE_3:1.0024038789140506
MAE_3:0.9935968208925
MAPE_3:0.9759913183005982
RMSE_mask_1:1.0426352675882375
MAE_mask_1:1.0189633565577252
MAPE_mask_1:0.9766230686534911
RMSE_mask_2:nan
MAE_mask_2:nan
MAPE_mask_2:nan
RMSE_mask_3:nan
MAE_mask_3:nan
MAPE_mask_3:nan
RMSE_mask_4:nan
MAE_mask_4:nan
MAPE_mask_4:nan
epochLoss:1.0896115343894774
