RMSE:1.0534604596624113
MAE:1.0272145095116547
MAPE:0.985812210874754
RMSE_0:1.0384074723797443
MAE_0:1.0177703334359072
MAPE_0:0.9857143252622397
RMSE_1:1.0566623979694236
MAE_1:1.033754185896975
MAPE_1:0.9833501220578366
RMSE_2:0.9899633391043803
MAE_2:0.9897119005188524
MAPE_2:0.9897118906217334
RMSE_3:1.1140874090439237
MAE_3:1.060434732252709
MAPE_3:0.9869937525860181
RMSE_mask_1:1.0534604596624113
MAE_mask_1:1.0272145095116547
MAPE_mask_1:0.985812210874754
RMSE_mask_2:nan
MAE_mask_2:nan
MAPE_mask_2:nan
RMSE_mask_3:nan
MAE_mask_3:nan
MAPE_mask_3:nan
RMSE_mask_4:nan
MAE_mask_4:nan
MAPE_mask_4:nan
epochLoss:1.104221423066775
