RMSE:1.0356441110792654
MAE:1.0190872526185881
MAPE:0.9846273032178667
RMSE_0:1.0245311208715038
MAE_0:1.0102137848837576
MAPE_0:0.980994094281648
RMSE_1:1.0663054584767224
MAE_1:1.0419883604749645
MAPE_1:0.9893611176443222
RMSE_2:0.9861368103203096
MAE_2:0.9860517078638077
MAPE_2:0.9860516980032908
RMSE_3:1.039217958020046
MAE_3:1.0214703540998296
MAPE_3:0.983504628520161
RMSE_mask_1:1.0356441110792654
MAE_mask_1:1.0190872526185881
MAPE_mask_1:0.9846273032178667
RMSE_mask_2:nan
MAE_mask_2:nan
MAPE_mask_2:nan
RMSE_mask_3:nan
MAE_mask_3:nan
MAPE_mask_3:nan
RMSE_mask_4:nan
MAE_mask_4:nan
MAPE_mask_4:nan
epochLoss:1.0716859957483547
