RMSE:1.0311661307184556
MAE:1.0162283260805873
MAPE:0.9844405481284261
RMSE_0:1.0407040633762128
MAE_0:1.0225356840342283
MAPE_0:0.9831955990700265
RMSE_1:1.0630964200627955
MAE_1:1.039346985078442
MAPE_1:0.9860291223609849
RMSE_2:0.9832326496010053
MAE_2:0.9830584780623516
MAPE_2:0.9830584682317668
RMSE_3:0.9838111000725707
MAE_3:0.9837489760988816
MAPE_3:0.9837489662613919
RMSE_mask_1:1.0311661307184556
MAE_mask_1:1.0162283260805873
MAPE_mask_1:0.9844405481284261
RMSE_mask_2:nan
MAE_mask_2:nan
MAPE_mask_2:nan
RMSE_mask_3:nan
MAE_mask_3:nan
MAPE_mask_3:nan
RMSE_mask_4:nan
MAE_mask_4:nan
MAPE_mask_4:nan
epochLoss:1.062265174031955
