RMSE:1.0417289241697387
MAE:1.0143434820010877
MAPE:0.9736750960560568
RMSE_0:1.0746249419224359
MAE_0:1.0270895654458045
MAPE_0:0.9715111786196622
RMSE_1:1.0325420949674131
MAE_1:1.013420829915815
MAPE_1:0.9734497637103335
RMSE_2:0.9934990226450114
MAE_2:0.9870280651318162
MAPE_2:0.9748337626521584
RMSE_3:1.0287212384443045
MAE_3:1.011579649703545
MAPE_3:0.9772221037437748
RMSE_mask_1:1.0417289241697387
MAE_mask_1:1.0143434820010877
MAPE_mask_1:0.9736750960560568
RMSE_mask_2:nan
MAE_mask_2:nan
MAPE_mask_2:nan
RMSE_mask_3:nan
MAE_mask_3:nan
MAPE_mask_3:nan
RMSE_mask_4:nan
MAE_mask_4:nan
MAPE_mask_4:nan
epochLoss:1.0818997376652097
