RMSE:1.0644721351095847
MAE:1.0373319403297236
MAPE:0.9814611099699033
RMSE_0:1.0638539207620328
MAE_0:1.035878676843519
MAPE_0:0.9834242206767863
RMSE_1:1.062643871122075
MAE_1:1.0380819581882799
MAPE_1:0.9838663756357794
RMSE_2:1.0016920398479654
MAE_2:0.9927825123494999
MAPE_2:0.9749754335388967
RMSE_3:1.100810862901738
MAE_3:1.0637850653215803
MAPE_3:0.9767808960737686
RMSE_mask_1:1.0644721351095847
MAE_mask_1:1.0373319403297236
MAPE_mask_1:0.9814611099699033
RMSE_mask_2:nan
MAE_mask_2:nan
MAPE_mask_2:nan
RMSE_mask_3:nan
MAE_mask_3:nan
MAPE_mask_3:nan
RMSE_mask_4:nan
MAE_mask_4:nan
MAPE_mask_4:nan
epochLoss:1.123155195061561
