RMSE:1.0137648987480392
MAE:0.9975292334510457
MAPE:0.9765761741569726
RMSE_0:0.9785639847594496
MAE_0:0.9780017135162202
MAPE_0:0.9780017037362032
RMSE_1:1.030004462746116
MAE_1:1.00236598690589
MAPE_1:0.9750803785853254
RMSE_2:0.9709337089512367
MAE_2:0.9703865417589744
MAPE_2:0.9703865320551092
RMSE_3:1.0704497090096567
MAE_3:1.0427525859267917
MAPE_3:0.9812438990750313
RMSE_mask_1:1.0137648987480392
MAE_mask_1:0.9975292334510457
MAPE_mask_1:0.9765761741569726
RMSE_mask_2:nan
MAE_mask_2:nan
MAPE_mask_2:nan
RMSE_mask_3:nan
MAE_mask_3:nan
MAPE_mask_3:nan
RMSE_mask_4:nan
MAE_mask_4:nan
MAPE_mask_4:nan
epochLoss:1.01309955728968
