RMSE:1.0349739081155445
MAE:1.0181147381611868
MAPE:0.9825615579999035
RMSE_0:1.040626224933153
MAE_0:1.022296726939538
MAPE_0:0.9832378225226026
RMSE_1:1.0150637829872262
MAE_1:1.0044773180827336
MAPE_1:0.9829312719613312
RMSE_2:0.9824138781812065
MAE_2:0.9823653368632598
MAPE_2:0.9823653270396067
RMSE_3:1.0620156020600717
MAE_3:1.0367182549089193
MAPE_3:0.9810883535723413
RMSE_mask_1:1.0349739081155445
MAE_mask_1:1.0181147381611868
MAPE_mask_1:0.9825615579999035
RMSE_mask_2:nan
MAE_mask_2:nan
MAPE_mask_2:nan
RMSE_mask_3:nan
MAE_mask_3:nan
MAPE_mask_3:nan
RMSE_mask_4:nan
MAE_mask_4:nan
MAPE_mask_4:nan
epochLoss:1.07744811897331
