RMSE:1.0537148066616493
MAE:1.0195565258737684
MAPE:0.9656770848934767
RMSE_0:1.0830059073335814
MAE_0:1.032944935618462
MAPE_0:0.9563142293990436
RMSE_1:1.012496145592886
MAE_1:0.9992868726190132
MAPE_1:0.9736603708107999
RMSE_2:1.0108160481697823
MAE_2:1.0003138592583127
MAPE_2:0.9797050476263339
RMSE_3:1.0183887064304602
MAE_3:1.0066262028634179
MAPE_3:0.9823735163787864
RMSE_mask_1:1.0423681795577109
MAE_mask_1:1.0168103154476225
MAPE_mask_1:0.9741339988918524
RMSE_mask_2:1.2867790535944865
MAE_mask_2:1.082542190808923
MAPE_mask_2:0.7717136702855674
RMSE_mask_3:nan
MAE_mask_3:nan
MAPE_mask_3:nan
RMSE_mask_4:nan
MAE_mask_4:nan
MAPE_mask_4:nan
epochLoss:1.1039256616009634
