RMSE:1.0219605973608612
MAE:1.0026762207460247
MAPE:0.9654323714714905
RMSE_0:0.9923119978867941
MAE_0:0.9843658242672405
MAPE_0:0.9696674045766419
RMSE_1:1.0475894075247385
MAE_1:1.0181639038863173
MAPE_1:0.9612882308692895
RMSE_2:0.9769044662184528
MAE_2:0.9734614281128947
MAPE_2:0.9671014298436688
RMSE_3:1.052774421762244
MAE_3:1.025101078080607
MAPE_3:0.9656162704448871
RMSE_mask_1:1.0219605973608612
MAE_mask_1:1.0026762207460247
MAPE_mask_1:0.9654323714714905
RMSE_mask_2:nan
MAE_mask_2:nan
MAPE_mask_2:nan
RMSE_mask_3:nan
MAE_mask_3:nan
MAPE_mask_3:nan
RMSE_mask_4:nan
MAE_mask_4:nan
MAPE_mask_4:nan
epochLoss:1.042422064997575
