RMSE:1.0856064388380773
MAE:1.0467709819990765
MAPE:0.9743434679743875
RMSE_0:1.1219577837914083
MAE_0:1.0710570245994913
MAPE_0:0.9739678978583373
RMSE_1:1.020275744925197
MAE_1:1.0051781519556342
MAPE_1:0.9739929673491408
RMSE_2:1.008241509557497
MAE_2:0.9976173395925498
MAPE_2:0.9759907390770863
RMSE_3:1.0627631405263684
MAE_3:1.0319297733027877
MAPE_3:0.975296315092868
RMSE_mask_1:1.0673015550016631
MAE_mask_1:1.0349770303865273
MAPE_mask_1:0.9745046273757276
RMSE_mask_2:1.3892368417294993
MAE_mask_2:1.2716556525773417
MAPE_mask_2:0.9712705132878185
RMSE_mask_3:nan
MAE_mask_3:nan
MAPE_mask_3:nan
RMSE_mask_4:nan
MAE_mask_4:nan
MAPE_mask_4:nan
epochLoss:1.189309324619621
