RMSE:1.1138479216118427
MAE:1.0257399878802842
MAPE:0.9705974012986729
RMSE_0:1.0310297699835336
MAE_0:1.0102195021024762
MAPE_0:0.970462677851822
RMSE_1:1.0644783517157865
MAE_1:1.0331560811765632
MAPE_1:0.970155047596056
RMSE_2:0.9917934632752119
MAE_2:0.9848976613520163
MAPE_2:0.9713214618188765
RMSE_3:1.3909947063259351
MAE_3:1.068427754767368
MAPE_3:0.9710712283560332
RMSE_mask_1:1.1101237055605309
MAE_mask_1:1.0224451336658429
MAPE_mask_1:0.9706161348527381
RMSE_mask_2:1.2968518907256277
MAE_mask_2:1.2012394285377335
MAPE_mask_2:0.9695995640512637
RMSE_mask_3:nan
MAE_mask_3:nan
MAPE_mask_3:nan
RMSE_mask_4:nan
MAE_mask_4:nan
MAPE_mask_4:nan
epochLoss:1.2344468764758256
