RMSE:1.029019112943634
MAE:1.0012780788669737
MAPE:0.9507470699223488
RMSE_0:1.0025513159109047
MAE_0:0.9863360625669713
MAPE_0:0.9555997359885476
RMSE_1:1.0744897702343932
MAE_1:1.034006380772942
MAPE_1:0.9565402020319234
RMSE_2:0.9797123718823937
MAE_2:0.9646415100055369
MAPE_2:0.9381901858053788
RMSE_3:0.9890406424062456
MAE_3:0.9712151729230148
MAPE_3:0.9401876280593906
RMSE_mask_1:1.029019112943634
MAE_mask_1:1.0012780788669737
MAPE_mask_1:0.9507470699223488
RMSE_mask_2:nan
MAE_mask_2:nan
MAPE_mask_2:nan
RMSE_mask_3:nan
MAE_mask_3:nan
MAPE_mask_3:nan
RMSE_mask_4:nan
MAE_mask_4:nan
MAPE_mask_4:nan
epochLoss:1.0550063735904127
