RMSE:1.036703725838359
MAE:1.0066477113736938
MAPE:0.9547841631149053
RMSE_0:0.9773840350270381
MAE_0:0.9685955991449414
MAPE_0:0.9528058666720592
RMSE_1:1.080444131465908
MAE_1:1.033588858047631
MAPE_1:0.9564642804381852
RMSE_2:1.0377150054679316
MAE_2:1.0091142520802665
MAPE_2:0.949365078856014
RMSE_3:1.0082760482932764
MAE_3:0.9916309463823664
MAPE_3:0.9581406775432744
RMSE_mask_1:1.036703725838359
MAE_mask_1:1.0066477113736938
MAPE_mask_1:0.9547841631149053
RMSE_mask_2:nan
MAE_mask_2:nan
MAPE_mask_2:nan
RMSE_mask_3:nan
MAE_mask_3:nan
MAPE_mask_3:nan
RMSE_mask_4:nan
MAE_mask_4:nan
MAPE_mask_4:nan
epochLoss:1.0739159975551071
