RMSE:1.062968670165218
MAE:1.0265956481768967
MAPE:0.9633771115046929
RMSE_0:1.0804667739456475
MAE_0:1.040142891985729
MAPE_0:0.9648519742481405
RMSE_1:1.0583777496224107
MAE_1:1.0174135304039176
MAPE_1:0.9601043576728514
RMSE_2:0.9804725765644464
MAE_2:0.9727867710587643
MAPE_2:0.9584701982890708
RMSE_3:1.059129960766077
MAE_3:1.0264381545317751
MAPE_3:0.9657049789139325
RMSE_mask_1:1.0434333195267929
MAE_mask_1:1.014708855047935
MAPE_mask_1:0.9627455245210417
RMSE_mask_2:1.272857780044709
MAE_mask_2:1.1682182977419524
MAPE_mask_2:0.9709020192813379
RMSE_mask_3:nan
MAE_mask_3:nan
MAPE_mask_3:nan
RMSE_mask_4:nan
MAE_mask_4:nan
MAPE_mask_4:nan
epochLoss:1.1295724463857775
