RMSE:1.0521481959124654
MAE:1.0277169516222993
MAPE:0.9769550806328716
RMSE_0:1.0449642583461622
MAE_0:1.0208485875115452
MAPE_0:0.97753948737818
RMSE_1:1.0600356102932613
MAE_1:1.033917677276813
MAPE_1:0.9764410056258289
RMSE_2:1.0153378383223715
MAE_2:1.0027261768620268
MAPE_2:0.9771470784816123
RMSE_3:1.066130158453535
MAE_3:1.0383777263353473
MAPE_3:0.9771759108358375
RMSE_mask_1:1.0521481959124654
MAE_mask_1:1.0277169516222993
MAPE_mask_1:0.9769550806328716
RMSE_mask_2:nan
MAE_mask_2:nan
MAPE_mask_2:nan
RMSE_mask_3:nan
MAE_mask_3:nan
MAPE_mask_3:nan
RMSE_mask_4:nan
MAE_mask_4:nan
MAPE_mask_4:nan
epochLoss:1.1038320434194757
