RMSE:1.0558044720571187
MAE:1.0275325174687029
MAPE:0.9701930298008575
RMSE_0:1.0366934839240722
MAE_0:1.0102624720474485
MAPE_0:0.9638929437932028
RMSE_1:1.0564055711717417
MAE_1:1.0322831338792304
MAPE_1:0.9801576407003361
RMSE_2:1.044749489851022
MAE_2:1.0180417120929306
MAPE_2:0.9600269074873976
RMSE_3:1.1229434530091498
MAE_3:1.0806335600009604
MAPE_3:0.9775934400381145
RMSE_mask_1:1.0558044720571187
MAE_mask_1:1.0275325174687029
MAPE_mask_1:0.9701930298008575
RMSE_mask_2:nan
MAE_mask_2:nan
MAPE_mask_2:nan
RMSE_mask_3:nan
MAE_mask_3:nan
MAPE_mask_3:nan
RMSE_mask_4:nan
MAE_mask_4:nan
MAPE_mask_4:nan
epochLoss:1.1175182326669644
