RMSE:1.0404474181786503
MAE:1.019892002691725
MAPE:0.9799733298827144
RMSE_0:1.065686778345812
MAE_0:1.0361580122497422
MAPE_0:0.9813337474672085
RMSE_1:1.0347362174906538
MAE_1:1.0177566709237995
MAPE_1:0.9825326167776532
RMSE_2:1.0230225366991137
MAE_2:1.0078134078463103
MAPE_2:0.9763581302662858
RMSE_3:1.0226481044818987
MAE_3:1.0071849674341902
MAPE_3:0.9766625402942526
RMSE_mask_1:1.0404474181786503
MAE_mask_1:1.019892002691725
MAPE_mask_1:0.9799733298827144
RMSE_mask_2:nan
MAE_mask_2:nan
MAPE_mask_2:nan
RMSE_mask_3:nan
MAE_mask_3:nan
MAPE_mask_3:nan
RMSE_mask_4:nan
MAE_mask_4:nan
MAPE_mask_4:nan
epochLoss:1.0788400570906267
