RMSE:1.0550612303917393
MAE:1.030299206624636
MAPE:0.9870563323376061
RMSE_0:1.0489140154023318
MAE_0:1.0295695430704808
MAPE_0:0.987950025319911
RMSE_1:1.0770088391998165
MAE_1:1.0447584767415024
MAPE_1:0.9866969247314809
RMSE_2:0.9835824125641563
MAE_2:0.9834500813581557
MAPE_2:0.9834500715236552
RMSE_3:1.0633839361828374
MAE_3:1.0323184370554777
MAPE_3:0.9881808372859685
RMSE_mask_1:1.0550612303917393
MAE_mask_1:1.030299206624636
MAPE_mask_1:0.9870563323376061
RMSE_mask_2:nan
MAE_mask_2:nan
MAPE_mask_2:nan
RMSE_mask_3:nan
MAE_mask_3:nan
MAPE_mask_3:nan
RMSE_mask_4:nan
MAE_mask_4:nan
MAPE_mask_4:nan
epochLoss:1.120071189785542
