RMSE:1.4300627237037118
MAE:1.1033460085594615
MAPE:0.7489205015579734
RMSE_0:1.576049854118786
MAE_0:1.1610484129613792
MAPE_0:0.6839365378727978
RMSE_1:1.0124838993203245
MAE_1:0.9625166793380465
MAPE_1:0.8784542525924449
RMSE_2:0.9881759720965554
MAE_2:0.968184706961943
MAPE_2:0.9330283157321033
RMSE_3:1.0042504777109487
MAE_3:0.9735690572744479
MAPE_3:0.912928386633105
RMSE_mask_1:1.0502702404984101
MAE_mask_1:0.9949725466720859
MAPE_mask_1:0.8948455628114119
RMSE_mask_2:1.211332901760749
MAE_mask_2:1.1057470725882335
MAPE_mask_2:0.8573927050004095
RMSE_mask_3:1.3888257525639027
MAE_mask_3:0.9774819136568994
MAPE_mask_3:0.464621273463195
RMSE_mask_4:3.2558173303944864
MAE_mask_4:2.3707316901948716
MAPE_mask_4:0.49646913117953806
epochLoss:2.082561008850758
