RMSE:1.0653893769453069
MAE:1.0262413806612454
MAPE:0.9744235198665114
RMSE_0:1.0880177010184744
MAE_0:1.033376634634031
MAPE_0:0.9694575131814466
RMSE_1:1.0533260674722602
MAE_1:1.0207047067168686
MAPE_1:0.9793924809967876
RMSE_2:1.038420933735021
MAE_2:1.0163612118075518
MAPE_2:0.9711025675355972
RMSE_3:1.0429714600868154
MAE_3:1.0228804417420179
MAPE_3:0.9798936170814515
RMSE_mask_1:1.0653893769453069
MAE_mask_1:1.0262413806612454
MAPE_mask_1:0.9744235198665114
RMSE_mask_2:nan
MAE_mask_2:nan
MAPE_mask_2:nan
RMSE_mask_3:nan
MAE_mask_3:nan
MAPE_mask_3:nan
RMSE_mask_4:nan
MAE_mask_4:nan
MAPE_mask_4:nan
epochLoss:1.127701238075822
