RMSE:1.0710228654557363
MAE:1.0434129016110292
MAPE:0.9824327817325427
RMSE_0:1.1256472331057743
MAE_0:1.0802195409487467
MAPE_0:0.9719654770926897
RMSE_1:1.057813402237338
MAE_1:1.037029699909739
MAPE_1:0.9911032573666738
RMSE_2:0.9880227208784417
MAE_2:0.9877075428841635
MAPE_2:0.9877075330070882
RMSE_3:0.9931993805004663
MAE_3:0.9925160558257056
MAPE_3:0.9925160459005453
RMSE_mask_1:1.0710228654557363
MAE_mask_1:1.0434129016110292
MAPE_mask_1:0.9824327817325427
RMSE_mask_2:nan
MAE_mask_2:nan
MAPE_mask_2:nan
RMSE_mask_3:nan
MAE_mask_3:nan
MAPE_mask_3:nan
RMSE_mask_4:nan
MAE_mask_4:nan
MAPE_mask_4:nan
epochLoss:1.1097194658543674
