RMSE:1.0629283019012101
MAE:1.017608398464425
MAPE:0.9623506545621112
RMSE_0:1.063396566842765
MAE_0:1.0271752191658474
MAPE_0:0.9625503611582611
RMSE_1:1.116917560407883
MAE_1:1.0403746318129836
MAPE_1:0.9640204444599972
RMSE_2:0.9643332875326608
MAE_2:0.9640177047049457
MAPE_2:0.9640176950647688
RMSE_3:1.0251391540635528
MAE_3:0.991362713158808
MAPE_3:0.9562152813423246
RMSE_mask_1:1.0431317561556748
MAE_mask_1:1.004079488642982
MAPE_mask_1:0.9612508224103566
RMSE_mask_2:1.3191656120720883
MAE_mask_2:1.215671638250351
MAPE_mask_2:0.9784521972637963
RMSE_mask_3:nan
MAE_mask_3:nan
MAPE_mask_3:nan
RMSE_mask_4:nan
MAE_mask_4:nan
MAPE_mask_4:nan
epochLoss:1.1043680831349676
