RMSE:1.0224499664890667
MAE:1.0116037491374137
MAPE:0.9893530946285201
RMSE_0:0.9934653258405489
MAE_0:0.9932124269939959
MAPE_0:0.9932124170618718
RMSE_1:1.0326193592175743
MAE_1:1.0150247015990317
MAPE_1:0.978434581176608
RMSE_2:1.0001408181247684
MAE_2:0.9999168852965037
MAPE_2:0.9999168752973351
RMSE_3:1.0568438741114192
MAE_3:1.0362728534435683
MAPE_3:0.9911649170074113
RMSE_mask_1:1.0224499664890667
MAE_mask_1:1.0116037491374137
MAPE_mask_1:0.9893530946285201
RMSE_mask_2:nan
MAE_mask_2:nan
MAPE_mask_2:nan
RMSE_mask_3:nan
MAE_mask_3:nan
MAPE_mask_3:nan
RMSE_mask_4:nan
MAE_mask_4:nan
MAPE_mask_4:nan
epochLoss:1.038362418542276
