RMSE:1.0328344457290253
MAE:1.0032937036594376
MAPE:0.9598844165222514
RMSE_0:1.0808048938813388
MAE_0:1.0287634264123404
MAPE_0:0.9598044166061657
RMSE_1:0.9957157278192155
MAE_1:0.9821176523933324
MAPE_1:0.9579441055973787
RMSE_2:0.9726063061644598
MAE_2:0.9720435600320343
MAPE_2:0.9720435503115987
RMSE_3:1.060803950883065
MAE_3:1.0262546301461184
MAPE_3:0.9512972321965465
RMSE_mask_1:1.0328344457290253
MAE_mask_1:1.0032937036594376
MAPE_mask_1:0.9598844165222514
RMSE_mask_2:nan
MAE_mask_2:nan
MAPE_mask_2:nan
RMSE_mask_3:nan
MAE_mask_3:nan
MAPE_mask_3:nan
RMSE_mask_4:nan
MAE_mask_4:nan
MAPE_mask_4:nan
epochLoss:1.05250223133282
