RMSE:1.024440045249663
MAE:1.0048707591156874
MAPE:0.9655430070327553
RMSE_0:1.0175906701534012
MAE_0:0.9989430413506231
MAPE_0:0.9622816044719759
RMSE_1:1.0348141884793292
MAE_1:1.0124323821822672
MAPE_1:0.9659756692993616
RMSE_2:0.9854371334751478
MAE_2:0.9777907275012694
MAPE_2:0.9651277668238649
RMSE_3:1.0473626432700591
MAE_3:1.0227862559952476
MAPE_3:0.9706078921214946
RMSE_mask_1:1.024440045249663
MAE_mask_1:1.0048707591156874
MAPE_mask_1:0.9655430070327553
RMSE_mask_2:nan
MAE_mask_2:nan
MAPE_mask_2:nan
RMSE_mask_3:nan
MAE_mask_3:nan
MAPE_mask_3:nan
RMSE_mask_4:nan
MAE_mask_4:nan
MAPE_mask_4:nan
epochLoss:1.0436473890187175
