RMSE:1.0471805552826683
MAE:1.0248921679888379
MAPE:0.9773188334825498
RMSE_0:1.0644996666595634
MAE_0:1.034770556546461
MAPE_0:0.9687623600658775
RMSE_1:0.9840979747257784
MAE_1:0.9837506530490124
MAPE_1:0.983750643211506
RMSE_2:1.0686780021534514
MAE_2:1.0399611172596774
MAPE_2:0.9763248620077583
RMSE_3:1.065847428153096
MAE_3:1.0420424293493853
MAPE_3:0.9918138443679944
RMSE_mask_1:1.0471805552826683
MAE_mask_1:1.0248921679888379
MAPE_mask_1:0.9773188334825498
RMSE_mask_2:nan
MAE_mask_2:nan
MAPE_mask_2:nan
RMSE_mask_3:nan
MAE_mask_3:nan
MAPE_mask_3:nan
RMSE_mask_4:nan
MAE_mask_4:nan
MAPE_mask_4:nan
epochLoss:1.0773089742321893
