RMSE:1.0483777263696008
MAE:1.023783500410109
MAPE:0.9838616386371738
RMSE_0:1.0659081967343602
MAE_0:1.035557356437273
MAPE_0:0.9814830958959461
RMSE_1:1.020166651574352
MAE_1:1.0080185024999082
MAPE_1:0.9831849662949853
RMSE_2:0.9924377261346035
MAE_2:0.9924002447165549
MAPE_2:0.9924002347925527
RMSE_3:1.0678476800570245
MAE_3:1.0292004016422045
MAPE_3:0.9878290439500125
RMSE_mask_1:1.0483777263696008
MAE_mask_1:1.023783500410109
MAPE_mask_1:0.9838616386371738
RMSE_mask_2:nan
MAE_mask_2:nan
MAPE_mask_2:nan
RMSE_mask_3:nan
MAE_mask_3:nan
MAPE_mask_3:nan
RMSE_mask_4:nan
MAE_mask_4:nan
MAPE_mask_4:nan
epochLoss:1.10151251451704
