RMSE:1.0140536907528017
MAE:1.0002893705164149
MAPE:0.9727213117365586
RMSE_0:1.0151786563934058
MAE_0:1.002240991186317
MAPE_0:0.9757027535835244
RMSE_1:1.004896038097545
MAE_1:0.9932055528335578
MAPE_1:0.9702017307539251
RMSE_2:1.0292033964604703
MAE_2:1.0096262654475867
MAPE_2:0.9699516323006017
RMSE_3:1.0209457712553762
MAE_3:1.0057312074530216
MAPE_3:0.9751789640542389
RMSE_mask_1:1.0140536907528017
MAE_mask_1:1.0002893705164149
MAPE_mask_1:0.9727213117365586
RMSE_mask_2:nan
MAE_mask_2:nan
MAPE_mask_2:nan
RMSE_mask_3:nan
MAE_mask_3:nan
MAPE_mask_3:nan
RMSE_mask_4:nan
MAE_mask_4:nan
MAPE_mask_4:nan
epochLoss:1.0277065103742886
