RMSE:1.0931498893275355
MAE:1.0489135305254247
MAPE:0.9754006803455971
RMSE_0:1.1267628927177888
MAE_0:1.0660298405998638
MAPE_0:0.9721778826176459
RMSE_1:1.067742038752253
MAE_1:1.041438990054006
MAPE_1:0.981404553641608
RMSE_2:0.9747589441827911
MAE_2:0.9746893407692286
MAPE_2:0.9746893310223353
RMSE_3:1.0734143821023259
MAE_3:1.0438338398272473
MAPE_3:0.9795146289691161
RMSE_mask_1:1.0931498893275355
MAE_mask_1:1.0489135305254247
MAPE_mask_1:0.9754006803455971
RMSE_mask_2:nan
MAE_mask_2:nan
MAPE_mask_2:nan
RMSE_mask_3:nan
MAE_mask_3:nan
MAPE_mask_3:nan
RMSE_mask_4:nan
MAE_mask_4:nan
MAPE_mask_4:nan
epochLoss:1.213239597973825
