RMSE:1.0424965535359365
MAE:1.0128482662933698
MAPE:0.9710642166410896
RMSE_0:0.9928321244962678
MAE_0:0.9845436652307399
MAPE_0:0.968175630694878
RMSE_1:1.030459133694741
MAE_1:1.0108844029167905
MAPE_1:0.970403413524957
RMSE_2:1.0142324451288336
MAE_2:1.0017209604152708
MAPE_2:0.9762232743145275
RMSE_3:1.1372161164989252
MAE_3:1.0574281512795447
MAPE_3:0.9718165193366323
RMSE_mask_1:1.0424965535359365
MAE_mask_1:1.0128482662933698
MAPE_mask_1:0.9710642166410896
RMSE_mask_2:nan
MAE_mask_2:nan
MAPE_mask_2:nan
RMSE_mask_3:nan
MAE_mask_3:nan
MAPE_mask_3:nan
RMSE_mask_4:nan
MAE_mask_4:nan
MAPE_mask_4:nan
epochLoss:1.0818600949888728
