RMSE:1.0252017690953004
MAE:0.9943692591172717
MAPE:0.9416027784353184
RMSE_0:1.0445822989946787
MAE_0:1.0060193265687205
MAPE_0:0.9361118837302117
RMSE_1:1.024319661506257
MAE_1:0.9891561177631455
MAPE_1:0.9269237988187161
RMSE_2:0.9966979236929814
MAE_2:0.982028868759714
MAPE_2:0.9651751731495078
RMSE_3:1.019413858806169
MAE_3:0.9971964953534072
MAPE_3:0.961832050956095
RMSE_mask_1:1.0218315431503342
MAE_mask_1:0.9934826399182934
MAPE_mask_1:0.9453086453664777
RMSE_mask_2:1.1291870459616757
MAE_mask_2:1.023159754772981
MAPE_mask_2:0.8212650439207254
RMSE_mask_3:nan
MAE_mask_3:nan
MAPE_mask_3:nan
RMSE_mask_4:nan
MAE_mask_4:nan
MAPE_mask_4:nan
epochLoss:1.041262191246444
