RMSE:1.0604317142276467
MAE:1.0216636248416715
MAPE:0.9581127724167076
RMSE_0:1.0916097194996461
MAE_0:1.0393609374454669
MAPE_0:0.9582934366000315
RMSE_1:1.036027256662495
MAE_1:1.0071237656277614
MAPE_1:0.9537518247255861
RMSE_2:1.0069205856725036
MAE_2:0.9945407271095109
MAPE_2:0.9704340941345556
RMSE_3:1.070627911200855
MAE_3:1.0275897324811352
MAPE_3:0.9559870304820673
RMSE_mask_1:1.0228105089073876
MAE_mask_1:0.9983562044657321
MAPE_mask_1:0.958631636785675
RMSE_mask_2:1.254885391156071
MAE_mask_2:1.155553696636301
MAPE_mask_2:0.9551321427935149
RMSE_mask_3:nan
MAE_mask_3:nan
MAPE_mask_3:nan
RMSE_mask_4:nan
MAE_mask_4:nan
MAPE_mask_4:nan
epochLoss:1.121448327272612
