RMSE:1.0318113204192094
MAE:1.01140462463226
MAPE:0.9710555820872293
RMSE_0:1.0258832680295829
MAE_0:1.0049997654762894
MAPE_0:0.9639573869451935
RMSE_1:1.0843401388567804
MAE_1:1.0508462348459007
MAPE_1:0.9761545446615951
RMSE_2:0.9735921262005945
MAE_2:0.9720777582066754
MAPE_2:0.9720777484858981
RMSE_3:0.9720960365070687
MAE_3:0.9704389203777255
MAPE_3:0.9704389106733364
RMSE_mask_1:1.0318113204192094
MAE_mask_1:1.01140462463226
MAPE_mask_1:0.9710555820872293
RMSE_mask_2:nan
MAE_mask_2:nan
MAPE_mask_2:nan
RMSE_mask_3:nan
MAE_mask_3:nan
MAPE_mask_3:nan
RMSE_mask_4:nan
MAE_mask_4:nan
MAPE_mask_4:nan
epochLoss:1.0538183153020357
