RMSE:1.0343783939168
MAE:1.0132261434266734
MAPE:0.972023383141894
RMSE_0:0.9782009474560734
MAE_0:0.9747733932925887
MAPE_0:0.9683546703152698
RMSE_1:1.051264818987894
MAE_1:1.027066047237126
MAPE_1:0.9749773045758887
RMSE_2:1.0053044906097475
MAE_2:0.9940485306380485
MAPE_2:0.9716782843824995
RMSE_3:1.075925789318446
MAE_3:1.0395950317718796
MAPE_3:0.9711690608668148
RMSE_mask_1:1.0343783939168
MAE_mask_1:1.0132261434266734
MAPE_mask_1:0.972023383141894
RMSE_mask_2:nan
MAE_mask_2:nan
MAPE_mask_2:nan
RMSE_mask_3:nan
MAE_mask_3:nan
MAPE_mask_3:nan
RMSE_mask_4:nan
MAE_mask_4:nan
MAPE_mask_4:nan
epochLoss:1.0757191918670135
