RMSE:1.070823432453264
MAE:1.046461293820969
MAPE:0.9921383862277857
RMSE_0:0.9968959810175316
MAE_0:0.996883733663708
MAPE_0:0.9968837236948709
RMSE_1:1.1196810443752776
MAE_1:1.0820085977796803
MAPE_1:0.9914326280968724
RMSE_2:0.992695590679754
MAE_2:0.992687398229133
MAPE_2:0.9926873883022591
RMSE_3:1.0920187242643467
MAE_3:1.061182197083586
MAPE_3:0.9901044545366576
RMSE_mask_1:1.070823432453264
MAE_mask_1:1.046461293820969
MAPE_mask_1:0.9921383862277857
RMSE_mask_2:nan
MAE_mask_2:nan
MAPE_mask_2:nan
RMSE_mask_3:nan
MAE_mask_3:nan
MAPE_mask_3:nan
RMSE_mask_4:nan
MAE_mask_4:nan
MAPE_mask_4:nan
epochLoss:1.1463667266151893
