RMSE:1.0302542484619877
MAE:1.0159438808751835
MAPE:0.9870357037129406
RMSE_0:1.0243746134720721
MAE_0:1.0150423084678888
MAPE_0:0.9966624112169075
RMSE_1:0.984576270736995
MAE_1:0.9842170684412122
MAPE_1:0.9842170585990416
RMSE_2:1.0967661226721888
MAE_2:1.0635158104684066
MAPE_2:0.9891684867909696
RMSE_3:1.0470940497009056
MAE_3:1.024494696306292
MAPE_3:0.9763894819415739
RMSE_mask_1:1.0302542484619877
MAE_mask_1:1.0159438808751835
MAPE_mask_1:0.9870357037129406
RMSE_mask_2:nan
MAE_mask_2:nan
MAPE_mask_2:nan
RMSE_mask_3:nan
MAE_mask_3:nan
MAPE_mask_3:nan
RMSE_mask_4:nan
MAE_mask_4:nan
MAPE_mask_4:nan
epochLoss:1.0738667949927267
