RMSE:1.0244224300225118
MAE:1.0091511515730682
MAPE:0.9799705271610687
RMSE_0:0.9969550958653138
MAE_0:0.9904511193033129
MAPE_0:0.977522524424675
RMSE_1:1.0555630774921336
MAE_1:1.0330205911176575
MAPE_1:0.9841152716617464
RMSE_2:1.001414051029755
MAE_2:0.9934362098872661
MAPE_2:0.9776202843373578
RMSE_3:1.0142777866742416
MAE_3:0.9983452736253283
MAPE_3:0.9768424626331568
RMSE_mask_1:1.0244224300225118
MAE_mask_1:1.0091511515730682
MAPE_mask_1:0.9799705271610687
RMSE_mask_2:nan
MAE_mask_2:nan
MAPE_mask_2:nan
RMSE_mask_3:nan
MAE_mask_3:nan
MAPE_mask_3:nan
RMSE_mask_4:nan
MAE_mask_4:nan
MAPE_mask_4:nan
epochLoss:1.0511858769450775
