RMSE:1.026812808102019
MAE:1.0134978335587441
MAPE:0.9860359224141027
RMSE_0:1.044730218083149
MAE_0:1.0253564513573223
MAPE_0:0.9842770685190549
RMSE_1:0.9853697283127634
MAE_1:0.985281637404114
MAPE_1:0.9852816275512977
RMSE_2:0.994393777383088
MAE_2:0.9941924471807267
MAPE_2:0.9941924372388024
RMSE_3:0.9904742025049634
MAE_3:0.9904096250493939
MAPE_3:0.9904096151452979
RMSE_mask_1:1.026812808102019
MAE_mask_1:1.0134978335587441
MAPE_mask_1:0.9860359224141027
RMSE_mask_2:nan
MAE_mask_2:nan
MAPE_mask_2:nan
RMSE_mask_3:nan
MAE_mask_3:nan
MAPE_mask_3:nan
RMSE_mask_4:nan
MAE_mask_4:nan
MAPE_mask_4:nan
epochLoss:1.0759306302253904
