RMSE:1.0542502891751793
MAE:1.0316902261611622
MAPE:0.9831449438902382
RMSE_0:1.0838655706722005
MAE_0:1.0523873176026557
MAPE_0:0.9815045124042344
RMSE_1:1.0204413129399839
MAE_1:1.0075942595783425
MAPE_1:0.9815548306384091
RMSE_2:1.0655325142570238
MAE_2:1.040804580733594
MAPE_2:0.9857667733602666
RMSE_3:0.9910492116151948
MAE_3:0.9906779877457987
MAPE_3:0.990677977839019
RMSE_mask_1:1.021799970069222
MAE_mask_1:1.0085281755078819
MAPE_mask_1:0.981721421946233
RMSE_mask_2:1.159796591511261
MAE_mask_2:1.112033589364728
MAPE_mask_2:0.9880827856335069
RMSE_mask_3:nan
MAE_mask_3:nan
MAPE_mask_3:nan
RMSE_mask_4:nan
MAE_mask_4:nan
MAPE_mask_4:nan
epochLoss:1.10619768503959
