RMSE:1.0302750878739204
MAE:1.0172443546902608
MAPE:0.9899568920546521
RMSE_0:1.0653781042310406
MAE_0:1.0408655697816436
MAPE_0:0.9868497835953317
RMSE_1:0.9925418633138042
MAE_1:0.9925163079031719
MAPE_1:0.9925162979780091
RMSE_2:0.9898528020343993
MAE_2:0.9898260193003807
MAPE_2:0.9898260094021208
RMSE_3:1.0594980031135597
MAE_3:1.0384672971220341
MAPE_3:0.9922149842591564
RMSE_mask_1:1.0302750878739204
MAE_mask_1:1.0172443546902608
MAPE_mask_1:0.9899568920546521
RMSE_mask_2:nan
MAE_mask_2:nan
MAPE_mask_2:nan
RMSE_mask_3:nan
MAE_mask_3:nan
MAPE_mask_3:nan
RMSE_mask_4:nan
MAE_mask_4:nan
MAPE_mask_4:nan
epochLoss:1.0583555347728362
