RMSE:1.022886816145296
MAE:1.0089654112476962
MAPE:0.9803842795049679
RMSE_0:1.0414099215941555
MAE_0:1.0217514425823266
MAPE_0:0.9797290992967606
RMSE_1:1.003680382406788
MAE_1:0.9962781717083143
MAPE_1:0.981724140837088
RMSE_2:0.9853574532064858
MAE_2:0.9853350719521669
MAPE_2:0.9853350620988163
RMSE_3:1.0401989787313866
MAE_3:1.0200658909966576
MAPE_3:0.977942243136228
RMSE_mask_1:1.022886816145296
MAE_mask_1:1.0089654112476962
MAPE_mask_1:0.9803842795049679
RMSE_mask_2:nan
MAE_mask_2:nan
MAPE_mask_2:nan
RMSE_mask_3:nan
MAE_mask_3:nan
MAPE_mask_3:nan
RMSE_mask_4:nan
MAE_mask_4:nan
MAPE_mask_4:nan
epochLoss:1.042442195789287
