RMSE:1.0391439350814091
MAE:1.016303047133255
MAPE:0.9797157991263219
RMSE_0:1.009799141585184
MAE_0:0.9977951564956918
MAPE_0:0.9734049691747042
RMSE_1:1.033428901042887
MAE_1:1.0163237947676527
MAPE_1:0.9800176110716199
RMSE_2:1.0377848748729988
MAE_2:1.0212143700216607
MAPE_2:0.9868846193569474
RMSE_3:1.071518069108673
MAE_3:1.0289479955620542
MAPE_3:0.9802932732135569
RMSE_mask_1:1.0391439350814091
MAE_mask_1:1.016303047133255
MAPE_mask_1:0.9797157991263219
RMSE_mask_2:nan
MAE_mask_2:nan
MAPE_mask_2:nan
RMSE_mask_3:nan
MAE_mask_3:nan
MAPE_mask_3:nan
RMSE_mask_4:nan
MAE_mask_4:nan
MAPE_mask_4:nan
epochLoss:1.0736385515673967
