RMSE:1.0017616566489018
MAE:0.999186930359466
MAPE:0.9940657027062696
RMSE_0:0.9984571015369244
MAE_0:0.998411912806105
MAPE_0:0.998411902821986
RMSE_1:1.0126356894690047
MAE_1:1.0069832513731536
MAPE_1:0.9954307270440477
RMSE_2:0.990401619759158
MAE_2:0.9903628149207819
MAPE_2:0.990362805017154
RMSE_3:0.9891827506355798
MAE_3:0.9891755110933446
MAPE_3:0.9891755012015896
RMSE_mask_1:1.0017616566489018
MAE_mask_1:0.999186930359466
MAPE_mask_1:0.9940657027062696
RMSE_mask_2:nan
MAE_mask_2:nan
MAPE_mask_2:nan
RMSE_mask_3:nan
MAE_mask_3:nan
MAPE_mask_3:nan
RMSE_mask_4:nan
MAE_mask_4:nan
MAPE_mask_4:nan
epochLoss:1.0029392035676374
