RMSE:1.0108763780583359
MAE:1.005141910492196
MAPE:0.9934422808201442
RMSE_0:1.065721774617103
MAE_0:1.043397378147347
MAPE_0:0.993673984325684
RMSE_1:0.9946941055671334
MAE_1:0.9946843815937259
MAPE_1:0.9946843716468824
RMSE_2:0.9894248335413771
MAE_2:0.9893909613820142
MAPE_2:0.9893909514881047
RMSE_3:0.9946711548826808
MAE_3:0.9946536883521317
MAPE_3:0.9946536784055948
RMSE_mask_1:1.0108763780583359
MAE_mask_1:1.005141910492196
MAPE_mask_1:0.9934422808201442
RMSE_mask_2:nan
MAE_mask_2:nan
MAPE_mask_2:nan
RMSE_mask_3:nan
MAE_mask_3:nan
MAPE_mask_3:nan
RMSE_mask_4:nan
MAE_mask_4:nan
MAPE_mask_4:nan
epochLoss:1.0120102654297736
