RMSE:1.035792990707103
MAE:1.0145120673886272
MAPE:0.9925897482619673
RMSE_0:1.0815551291551724
MAE_0:1.0339718495153498
MAPE_0:0.9931987102958726
RMSE_1:1.0336004436328667
MAE_1:1.0208544102749109
MAPE_1:0.9939757011238821
RMSE_2:0.9921533559723861
MAE_2:0.992115349159576
MAPE_2:0.9921153392384228
RMSE_3:0.9906834360609738
MAE_3:0.9906110928323438
MAPE_3:0.990611082926233
RMSE_mask_1:1.035792990707103
MAE_mask_1:1.0145120673886272
MAPE_mask_1:0.9925897482619673
RMSE_mask_2:nan
MAE_mask_2:nan
MAPE_mask_2:nan
RMSE_mask_3:nan
MAE_mask_3:nan
MAPE_mask_3:nan
RMSE_mask_4:nan
MAE_mask_4:nan
MAPE_mask_4:nan
epochLoss:1.0705571152602715
