RMSE:1.0685621943768853
MAE:1.0439203759407574
MAPE:0.9892484626489102
RMSE_0:1.0547462016364633
MAE_0:1.0339110268680596
MAPE_0:0.9879435590559178
RMSE_1:1.036783081695472
MAE_1:1.020983626327381
MAPE_1:0.9870054282168165
RMSE_2:1.1601445477137222
MAE_2:1.1097774571098853
MAPE_2:0.9845174403233072
RMSE_3:1.093582432779421
MAE_3:1.0635311035118227
MAPE_3:0.994731463739745
RMSE_mask_1:1.0685621943768853
MAE_mask_1:1.0439203759407574
MAPE_mask_1:0.9892484626489102
RMSE_mask_2:nan
MAE_mask_2:nan
MAPE_mask_2:nan
RMSE_mask_3:nan
MAE_mask_3:nan
MAPE_mask_3:nan
RMSE_mask_4:nan
MAE_mask_4:nan
MAPE_mask_4:nan
epochLoss:1.1291382210812289
