RMSE:1.0279298492021531
MAE:1.012384709833996
MAPE:0.9800579269884725
RMSE_0:1.011432366987456
MAE_0:1.0014779447270654
MAPE_0:0.981176757255123
RMSE_1:1.050061791435443
MAE_1:1.0301228394313573
MAPE_1:0.9879434187618851
RMSE_2:0.986155872694319
MAE_2:0.9858527488122957
MAPE_2:0.9858527389537682
RMSE_3:1.0346217917677734
MAE_3:1.012379813571403
MAPE_3:0.9644404920282956
RMSE_mask_1:1.0279298492021531
MAE_mask_1:1.012384709833996
MAPE_mask_1:0.9800579269884725
RMSE_mask_2:nan
MAE_mask_2:nan
MAPE_mask_2:nan
RMSE_mask_3:nan
MAE_mask_3:nan
MAPE_mask_3:nan
RMSE_mask_4:nan
MAE_mask_4:nan
MAPE_mask_4:nan
epochLoss:1.0643730156211297
