RMSE:1.0067746942810816
MAE:0.9987921463253424
MAPE:0.9835207258306051
RMSE_0:0.9801425863443909
MAE_0:0.9796687023275915
MAPE_0:0.9796686925309046
RMSE_1:0.9940188146830035
MAE_1:0.9935193409950569
MAPE_1:0.9935193310598637
RMSE_2:0.9958662774568342
MAE_2:0.9952889705697695
MAPE_2:0.9952889606168801
RMSE_3:1.0826452358317085
MAE_3:1.0472834749892355
MAPE_3:0.9684829863012303
RMSE_mask_1:1.0067746942810816
MAE_mask_1:0.9987921463253424
MAPE_mask_1:0.9835207258306051
RMSE_mask_2:nan
MAE_mask_2:nan
MAPE_mask_2:nan
RMSE_mask_3:nan
MAE_mask_3:nan
MAPE_mask_3:nan
RMSE_mask_4:nan
MAE_mask_4:nan
MAPE_mask_4:nan
epochLoss:1.0047563674969167
