RMSE:1.0679940267294519
MAE:1.0255160418137448
MAPE:0.9538144240741828
RMSE_0:1.0933153048031183
MAE_0:1.0404766475955067
MAPE_0:0.9516954246369967
RMSE_1:1.0625693734913952
MAE_1:1.0231900132032778
MAPE_1:0.9497714207684661
RMSE_2:0.9621856907535542
MAE_2:0.9614234166616138
MAPE_2:0.9614234070473798
RMSE_3:0.9983857358127155
MAE_3:0.9874317675502491
MAPE_3:0.9670876411840563
RMSE_mask_1:1.0548857885202652
MAE_mask_1:1.0173612465876685
MAPE_mask_1:0.9531615307473791
RMSE_mask_2:1.3370093394533134
MAE_mask_2:1.2151150308200158
MAPE_mask_2:0.9689941939223701
RMSE_mask_3:nan
MAE_mask_3:nan
MAPE_mask_3:nan
RMSE_mask_4:nan
MAE_mask_4:nan
MAPE_mask_4:nan
epochLoss:1.1249124124652559
