RMSE:1.0282848541058816
MAE:1.0113401985607338
MAPE:0.9857871057064009
RMSE_0:1.0489162362659592
MAE_0:1.0167845083814528
MAPE_0:0.9727659321593578
RMSE_1:1.0271997363299903
MAE_1:1.0184811873724526
MAPE_1:1.0014319087029138
RMSE_2:0.9752915574684019
MAE_2:0.975025098497883
MAPE_2:0.975025088747632
RMSE_3:1.0225551035775235
MAE_3:1.0139189563437618
MAPE_3:0.9959863917835629
RMSE_mask_1:1.0282848541058816
MAE_mask_1:1.0113401985607338
MAPE_mask_1:0.9857871057064009
RMSE_mask_2:nan
MAE_mask_2:nan
MAPE_mask_2:nan
RMSE_mask_3:nan
MAE_mask_3:nan
MAPE_mask_3:nan
RMSE_mask_4:nan
MAE_mask_4:nan
MAPE_mask_4:nan
epochLoss:1.0658004328473343
