RMSE:1.0388742053695186
MAE:1.0168324685670482
MAPE:0.9740624458143536
RMSE_0:1.0493394487002676
MAE_0:1.024303777125008
MAPE_0:0.970915504577017
RMSE_1:1.0300326516238236
MAE_1:1.0131327417483063
MAPE_1:0.9784556625764613
RMSE_2:1.021360525213196
MAE_2:1.0044493675231934
MAPE_2:0.9701936633729171
RMSE_3:1.0516786157140656
MAE_3:1.0205287776913774
MAPE_3:0.973778398072678
RMSE_mask_1:1.0388742053695186
MAE_mask_1:1.0168324685670482
MAPE_mask_1:0.9740624458143536
RMSE_mask_2:nan
MAE_mask_2:nan
MAPE_mask_2:nan
RMSE_mask_3:nan
MAE_mask_3:nan
MAPE_mask_3:nan
RMSE_mask_4:nan
MAE_mask_4:nan
MAPE_mask_4:nan
epochLoss:1.0783104258802447
