RMSE:1.0659508536839275
MAE:1.0366557893336161
MAPE:0.9907187375884416
RMSE_0:1.0651444401498518
MAE_0:1.0391339372420176
MAPE_0:0.9845253865438669
RMSE_1:1.0464497145628755
MAE_1:1.0303857419922045
MAPE_1:0.9993853904977223
RMSE_2:0.9976671356410491
MAE_2:0.996966321215344
MAPE_2:0.9969663112456809
RMSE_3:1.1125190118192756
MAE_3:1.0542973069053503
MAPE_3:0.9900627336387149
RMSE_mask_1:1.0659508536839275
MAE_mask_1:1.0366557893336161
MAPE_mask_1:0.9907187375884416
RMSE_mask_2:nan
MAE_mask_2:nan
MAPE_mask_2:nan
RMSE_mask_3:nan
MAE_mask_3:nan
MAPE_mask_3:nan
RMSE_mask_4:nan
MAE_mask_4:nan
MAPE_mask_4:nan
epochLoss:1.1311866958502435
