RMSE:1.0241289352471705
MAE:1.0073063531543238
MAPE:0.973733917496945
RMSE_0:1.0663185275490916
MAE_0:1.0375826708574702
MAPE_0:0.9756113280725286
RMSE_1:1.0001697965590985
MAE_1:0.9889847019001057
MAPE_1:0.9681571756004238
RMSE_2:1.0600541381960682
MAE_2:1.034761190155728
MAPE_2:0.97987219155357
RMSE_3:0.9759342959036934
MAE_3:0.9756248272366493
MAPE_3:0.9756248174804012
RMSE_mask_1:1.0241289352471705
MAE_mask_1:1.0073063531543238
MAPE_mask_1:0.973733917496945
RMSE_mask_2:nan
MAE_mask_2:nan
MAPE_mask_2:nan
RMSE_mask_3:nan
MAE_mask_3:nan
MAPE_mask_3:nan
RMSE_mask_4:nan
MAE_mask_4:nan
MAPE_mask_4:nan
epochLoss:1.0484445120423544
