RMSE:1.0014661983044177
MAE:0.9977127590577322
MAPE:0.9902480532116207
RMSE_0:0.9876754317833498
MAE_0:0.9876558079963504
MAPE_0:0.9876557981197925
RMSE_1:1.024091012569608
MAE_1:1.013980735321232
MAPE_1:0.9928572241053636
RMSE_2:0.9941740609073005
MAE_2:0.9939551090821623
MAPE_2:0.9939550991426115
RMSE_3:0.9887803169930254
MAE_3:0.9887218050259564
MAPE_3:0.9887217951387387
RMSE_mask_1:1.0014661983044177
MAE_mask_1:0.9977127590577322
MAPE_mask_1:0.9902480532116207
RMSE_mask_2:nan
MAE_mask_2:nan
MAPE_mask_2:nan
RMSE_mask_3:nan
MAE_mask_3:nan
MAPE_mask_3:nan
RMSE_mask_4:nan
MAE_mask_4:nan
MAPE_mask_4:nan
epochLoss:0.9943749144154301
