RMSE:1.0445369396496116
MAE:0.997803747235966
MAPE:0.9232097488864544
RMSE_0:1.0383071388615002
MAE_0:0.9589490704650504
MAPE_0:0.8443108350374043
RMSE_1:1.0465478129866128
MAE_1:1.0266214492595822
MAPE_1:0.9837451135354229
RMSE_2:0.978996754575025
MAE_2:0.9788020791931321
MAPE_2:0.9788020694051116
RMSE_3:1.0850397644711607
MAE_3:1.0557465105108461
MAPE_3:0.9938222740341022
RMSE_mask_1:1.0295564922779945
MAE_mask_1:1.0149604946429145
MAPE_mask_1:0.9858694479562085
RMSE_mask_2:nan
MAE_mask_2:nan
MAPE_mask_2:nan
RMSE_mask_3:1.106527513809249
MAE_mask_3:0.9241727062811455
MAPE_mask_3:0.654295207045427
RMSE_mask_4:nan
MAE_mask_4:nan
MAPE_mask_4:nan
epochLoss:1.0895684187430141
