RMSE:0.9947355751150562
MAE:0.9798889130459848
MAPE:0.9541666793688781
RMSE_0:1.0091850147416181
MAE_0:0.9925773678400185
MAPE_0:0.9601015495990929
RMSE_1:1.0031739121524992
MAE_1:0.9837317556932801
MAPE_1:0.9533833404712756
RMSE_2:0.9746638637748051
MAE_2:0.9652716571834149
MAPE_2:0.9471413048169922
RMSE_3:0.9728703024173275
MAE_3:0.9653126537633984
MAPE_3:0.9520284280700991
RMSE_mask_1:0.9947355751150562
MAE_mask_1:0.9798889130459848
MAPE_mask_1:0.9541666793688781
RMSE_mask_2:nan
MAE_mask_2:nan
MAPE_mask_2:nan
RMSE_mask_3:nan
MAE_mask_3:nan
MAPE_mask_3:nan
RMSE_mask_4:nan
MAE_mask_4:nan
MAPE_mask_4:nan
epochLoss:0.9865809997699021
