RMSE:0.9982030266885185
MAE:0.9827430492695207
MAPE:0.9525253599467559
RMSE_0:1.0128472612764485
MAE_0:0.9944835875626831
MAPE_0:0.9573826340917095
RMSE_1:1.0042452382046283
MAE_1:0.9868595355135553
MAPE_1:0.9524382081012736
RMSE_2:0.9507296967225519
MAE_2:0.9502310438758947
MAPE_2:0.9502310343735845
RMSE_3:1.0032913849536138
MAE_3:0.9850114872877268
MAPE_3:0.9488682058652793
RMSE_mask_1:0.9982030266885185
MAE_mask_1:0.9827430492695207
MAPE_mask_1:0.9525253599467559
RMSE_mask_2:nan
MAE_mask_2:nan
MAPE_mask_2:nan
RMSE_mask_3:nan
MAE_mask_3:nan
MAPE_mask_3:nan
RMSE_mask_4:nan
MAE_mask_4:nan
MAPE_mask_4:nan
epochLoss:0.9962680082442569
