RMSE:1.0170574511668413
MAE:0.9994520874696298
MAPE:0.9677237782778919
RMSE_0:1.0189129487051982
MAE_0:1.001154652517289
MAPE_0:0.9690957575724723
RMSE_1:1.0360215194382734
MAE_1:1.0112928037322353
MAPE_1:0.9666499137836467
RMSE_2:0.9683848787202146
MAE_2:0.9674575703280154
MAPE_2:0.9674575606534399
RMSE_3:1.013678443882278
MAE_3:0.9985821023817707
MAPE_3:0.9681014719098682
RMSE_mask_1:1.0170574511668413
MAE_mask_1:0.9994520874696298
MAPE_mask_1:0.9677237782778919
RMSE_mask_2:nan
MAE_mask_2:nan
MAPE_mask_2:nan
RMSE_mask_3:nan
MAE_mask_3:nan
MAPE_mask_3:nan
RMSE_mask_4:nan
MAE_mask_4:nan
MAPE_mask_4:nan
epochLoss:1.0284084231397779
