RMSE:1.027072205045725
MAE:1.0078237487655237
MAPE:0.9701533311883109
RMSE_0:1.0470480406227376
MAE_0:1.0224207167263801
MAPE_0:0.9696380779806019
RMSE_1:1.0299811148071123
MAE_1:1.0090839148783857
MAPE_1:0.9711438470996826
RMSE_2:1.0131857878144153
MAE_2:0.9992813377862246
MAPE_2:0.9710450914452925
RMSE_3:1.008712919115288
MAE_3:0.995254728738736
MAPE_3:0.9680539698329332
RMSE_mask_1:1.027072205045725
MAE_mask_1:1.0078237487655237
MAPE_mask_1:0.9701533311883109
RMSE_mask_2:nan
MAE_mask_2:nan
MAPE_mask_2:nan
RMSE_mask_3:nan
MAE_mask_3:nan
MAPE_mask_3:nan
RMSE_mask_4:nan
MAE_mask_4:nan
MAPE_mask_4:nan
epochLoss:1.0489064338612584
