RMSE:1.0744660719958063
MAE:1.031268623624263
MAPE:0.9564846519209226
RMSE_0:1.1082515207380315
MAE_0:1.054994499409578
MAPE_0:0.9565713356513432
RMSE_1:1.0174129521773698
MAE_1:0.9890668065889793
MAPE_1:0.9546771377055939
RMSE_2:0.9564714587681508
MAE_2:0.9562641934148575
MAPE_2:0.9562641838522158
RMSE_3:0.9579973503154098
MAE_3:0.9576736457449825
MAPE_3:0.9576736361682461
RMSE_mask_1:1.0519742739799385
MAE_mask_1:1.0173989004081618
MAPE_mask_1:0.9587133675011418
RMSE_mask_2:1.2187718249750865
MAE_mask_2:1.1272359004225394
MAPE_mask_2:0.9410637410880943
RMSE_mask_3:nan
MAE_mask_3:nan
MAPE_mask_3:nan
RMSE_mask_4:nan
MAE_mask_4:nan
MAPE_mask_4:nan
epochLoss:1.1508645484124929
