RMSE:1.0355569259929658
MAE:1.020583279997068
MAPE:0.9895204256257997
RMSE_0:1.0130393384266692
MAE_0:1.0055736647630038
MAPE_0:0.9903198049443119
RMSE_1:1.038821065730682
MAE_1:1.0220938517033988
MAPE_1:0.9872121744163088
RMSE_2:1.0245568667000897
MAE_2:1.0131946521895854
MAPE_2:0.9904741405767891
RMSE_3:1.0804591453479073
MAE_3:1.0527238156001728
MAPE_3:0.9913366909788812
RMSE_mask_1:1.0355569259929658
MAE_mask_1:1.020583279997068
MAPE_mask_1:0.9895204256257997
RMSE_mask_2:nan
MAE_mask_2:nan
MAPE_mask_2:nan
RMSE_mask_3:nan
MAE_mask_3:nan
MAPE_mask_3:nan
RMSE_mask_4:nan
MAE_mask_4:nan
MAPE_mask_4:nan
epochLoss:1.0624549159631258
