RMSE:1.0068105686717237
MAE:0.9899379919348924
MAPE:0.9584173775959086
RMSE_0:0.9914983523910821
MAE_0:0.9800008258290107
MAPE_0:0.9577648587897599
RMSE_1:1.034848445358853
MAE_1:1.0099911938275747
MAPE_1:0.9580972416259244
RMSE_2:0.9756022254823479
MAE_2:0.9690892217751546
MAPE_2:0.9567316453631332
RMSE_3:0.9995365395822796
MAE_3:0.9829900908065053
MAPE_3:0.9614368683939959
RMSE_mask_1:1.0068105686717237
MAE_mask_1:0.9899379919348924
MAPE_mask_1:0.9584173775959086
RMSE_mask_2:nan
MAE_mask_2:nan
MAPE_mask_2:nan
RMSE_mask_3:nan
MAE_mask_3:nan
MAPE_mask_3:nan
RMSE_mask_4:nan
MAE_mask_4:nan
MAPE_mask_4:nan
epochLoss:1.016808605667479
