RMSE:1.0387985499264372
MAE:1.0195179555273157
MAPE:0.995708337385089
RMSE_0:1.0780194261723854
MAE_0:1.0412126483011341
MAPE_0:0.9935934219949132
RMSE_1:0.9985064875869438
MAE_1:0.9983293606693713
MAPE_1:0.998329350686078
RMSE_2:0.9997496772291588
MAE_2:0.9995476908079581
MAPE_2:0.9995476808124814
RMSE_3:0.996149471908848
MAE_3:0.9958828153875878
MAPE_3:0.9958828054287597
RMSE_mask_1:1.0387985499264372
MAE_mask_1:1.0195179555273157
MAPE_mask_1:0.995708337385089
RMSE_mask_2:nan
MAE_mask_2:nan
MAPE_mask_2:nan
RMSE_mask_3:nan
MAE_mask_3:nan
MAPE_mask_3:nan
RMSE_mask_4:nan
MAE_mask_4:nan
MAPE_mask_4:nan
epochLoss:1.0646537388754471
