RMSE:1.021932279835443
MAE:1.008637752821776
MAPE:0.9813106726551795
RMSE_0:1.0087311860774097
MAE_0:0.9989851762790208
MAPE_0:0.9795344949874837
RMSE_1:1.030056970247406
MAE_1:1.014154445351655
MAPE_1:0.9807728898544152
RMSE_2:1.033645049504121
MAE_2:1.0158097235011465
MAPE_2:0.9784560897089853
RMSE_3:1.0240923855957302
MAE_3:1.0120977438169958
MAPE_3:0.9875161039368934
RMSE_mask_1:1.021932279835443
MAE_mask_1:1.008637752821776
MAPE_mask_1:0.9813106726551795
RMSE_mask_2:nan
MAE_mask_2:nan
MAPE_mask_2:nan
RMSE_mask_3:nan
MAE_mask_3:nan
MAPE_mask_3:nan
RMSE_mask_4:nan
MAE_mask_4:nan
MAPE_mask_4:nan
epochLoss:1.038430309072682
