RMSE:1.0150435858022266
MAE:1.0089490640697476
MAPE:0.996503826982137
RMSE_0:0.9942752213920087
MAE_0:0.9942053894628771
MAPE_0:0.9942053795208233
RMSE_1:1.0012273754307572
MAE_1:1.0011625475554655
MAPE_1:1.00116253754384
RMSE_2:1.3192136082680488
MAE_2:1.2473316012183204
MAPE_2:0.9984270487826014
RMSE_3:0.9935009317690111
MAE_3:0.993473968995539
MAPE_3:0.9934739590607995
RMSE_mask_1:1.0150435858022266
MAE_mask_1:1.0089490640697476
MAPE_mask_1:0.996503826982137
RMSE_mask_2:nan
MAE_mask_2:nan
MAPE_mask_2:nan
RMSE_mask_3:nan
MAE_mask_3:nan
MAPE_mask_3:nan
RMSE_mask_4:nan
MAE_mask_4:nan
MAPE_mask_4:nan
epochLoss:1.023975976546227
