RMSE:1.0375535203049304
MAE:1.016055084169274
MAPE:0.9839273238238858
RMSE_0:1.0673374279463315
MAE_0:1.0381358534251468
MAPE_0:0.9925588657550892
RMSE_1:1.0408226212253175
MAE_1:1.0134059185714483
MAPE_1:0.9789954673104384
RMSE_2:0.977751285826367
MAE_2:0.9776551764872339
MAPE_2:0.9776551667106824
RMSE_3:1.0181011615252062
MAE_3:1.0057099032481867
MAPE_3:0.9801493919502577
RMSE_mask_1:1.0375535203049304
MAE_mask_1:1.016055084169274
MAPE_mask_1:0.9839273238238858
RMSE_mask_2:nan
MAE_mask_2:nan
MAPE_mask_2:nan
RMSE_mask_3:nan
MAE_mask_3:nan
MAPE_mask_3:nan
RMSE_mask_4:nan
MAE_mask_4:nan
MAPE_mask_4:nan
epochLoss:1.0796423635451842
