RMSE:1.0688802213817865
MAE:1.0359929097180323
MAPE:0.9734853651500203
RMSE_0:1.0898517874188856
MAE_0:1.0505882604685548
MAPE_0:0.9698672516407866
RMSE_1:1.0811004352151432
MAE_1:1.0439262928118056
MAPE_1:0.9830283756011525
RMSE_2:0.9705387885834253
MAE_2:0.9704352914704941
MAPE_2:0.9704352817661412
RMSE_3:1.0212605445887797
MAE_3:1.0052386544125735
MAPE_3:0.9727436356843703
RMSE_mask_1:1.0688802213817865
MAE_mask_1:1.0359929097180323
MAPE_mask_1:0.9734853651500203
RMSE_mask_2:nan
MAE_mask_2:nan
MAPE_mask_2:nan
RMSE_mask_3:nan
MAE_mask_3:nan
MAPE_mask_3:nan
RMSE_mask_4:nan
MAE_mask_4:nan
MAPE_mask_4:nan
epochLoss:1.1540146437776209
