RMSE:1.155135425567391
MAE:0.9948341649609834
MAPE:0.7903468751032126
RMSE_0:1.2196854788145992
MAE_0:1.0051591701967961
MAPE_0:0.7296491838072592
RMSE_1:1.0032225244305835
MAE_1:0.9651836873404682
MAPE_1:0.9021533300229394
RMSE_2:0.976928659310119
MAE_2:0.9628558372666615
MAPE_2:0.9370797275231948
RMSE_3:1.0283987520408104
MAE_3:0.994548814954019
MAPE_3:0.9356575733639686
RMSE_mask_1:1.048931340220958
MAE_mask_1:1.0006905533088257
MAPE_mask_1:0.9180028484728022
RMSE_mask_2:1.1799996588897925
MAE_mask_2:1.0471299976774577
MAPE_mask_2:0.8248230350891038
RMSE_mask_3:1.339673365798509
MAE_mask_3:0.9407205567355977
MAPE_mask_3:0.4868594681779743
RMSE_mask_4:nan
MAE_mask_4:nan
MAPE_mask_4:nan
epochLoss:1.3355818219426006
