RMSE:0.9962929690540652
MAE:0.9961557117446015
MAPE:0.9961557017830446
RMSE_0:0.9991422449368593
MAE_0:0.9990226316519759
MAPE_0:0.9990226216617497
RMSE_1:0.994306973437914
MAE_1:0.9941886062733829
MAPE_1:0.994188596331497
RMSE_2:0.9953397981994772
MAE_2:0.99518399592489
MAPE_2:0.9951839859730501
RMSE_3:0.9941246626711875
MAE_3:0.9939628377556801
MAPE_3:0.9939628278160519
RMSE_mask_1:0.9962929690540652
MAE_mask_1:0.9961557117446015
MAPE_mask_1:0.9961557017830446
RMSE_mask_2:nan
MAE_mask_2:nan
MAPE_mask_2:nan
RMSE_mask_3:nan
MAE_mask_3:nan
MAPE_mask_3:nan
RMSE_mask_4:nan
MAE_mask_4:nan
MAPE_mask_4:nan
epochLoss:0.9923858276434622
