Min: 0.595
Max: 4.88
Mean: 1.220064935064935
Variance: 0.7359386321470736
