Min: 0.8031189202104505
Max: 8.091971329657564
Mean: 1.6844402303413568
Variance: 1.8467520194984668
