Min: 0.2552270070589542
Max: 0.5757061345152173
Mean: 0.541235459245838
Variance: 0.0012331485011080371
