Min: 0.06514093626133152
Max: 0.5357408120598591
Mean: 0.49276076641682626
Variance: 0.0025801410410054557
