Min: 0.5928511374626695
Max: 0.9928406605704024
Mean: 0.7984370589129786
Variance: 0.010083894809276711
