Min: 0.35147247119078107
Max: 0.985732577281873
Mean: 0.6475856318548838
Variance: 0.025951985231775575
